4294967278,8
4294967278,7
4294967278,6
4294967278,5
4294967278,4
4294967279,132
4294967279,131
4294967279,130
4294967279,129
4294967279,128
4294967279,127
4294967279,126
4294967279,125
4294967279,124
4294967279,123
4294967279,122
4294967279,121
4294967279,120
4294967279,119
4294967279,118
4294967279,117
4294967279,116
4294967279,115
4294967278,61
4294967278,60
4294967278,59
4294967278,58
4294967278,57
4294967278,56
4294967278,55
4294967278,54
4294967278,53
4294967278,52
4294967278,51
4294967278,50
4294967278,49
4294967278,48
4294967278,47
4294967278,46
4294967278,45
4294967278,44
4294967278,43
4294967278,42
4294967278,41
4294967278,40
4294967278,39
4294967278,38
4294967278,37
4294967278,36
4294967278,35
4294967278,34
4294967278,33
4294967278,32
4294967278,31
4294967278,30
4294967278,29
4294967278,28
4294967278,27
4294967278,26
4294967278,25
4294967278,24
4294967278,23
4294967278,22
4294967278,16
4294967278,15
4294967278,283
4294967278,14
4294967278,13
4294967278,260
4294967278,331
4294967278,12
4294967278,11
4294967278,10
4294967278,9
4294967278,333
4294967279,69
4294967279,68
4294967279,65
4294967279,61
4294967279,60
4294967279,59
4294967279,58
4294967279,57
4294967279,55
4294967279,53
4294967279,51
4294967279,88
4294967279,174
4294967278,21
4294967294,221
4294967278,133
4294967278,273
4294967278,370
4294967278,20
4294967278,272
4294967278,369
4294967278,19
4294967278,284
4294967278,334
4294967278,18
4294967279,288
4294967279,409
4294967278,17
4294967279,404
4294967294,398
4294967294,116
4294967294,463
4294967294,160
4294967294,449
4294967294,180
4294967279,269
4294967279,268
4294967279,267
4294967279,286
4294967279,285
4294967279,263
4294967279,265
21,5
21,4
4294967279,283
21,3
21,2
21,1
4294967279,403
4294967279,262
4294967279,282
4294967294,261
4294967294,163
4294967294,208
4294967294,422
4294967279,261
4294967279,402
4294967294,474
4294967278,366
4294967278,365
4294967278,364
4294967278,255
4294967278,363
4294967278,362
8,3
4294967278,361
4294967278,360
4294967294,473
4294967278,359
4294967278,254
4294967278,358
4294967278,357
4294967278,253
4294967278,356
4294967278,355
4294967278,354
4294967294,472
4294967294,178
4294967294,118
4294967294,451
4294967294,111
4294967294,468
4294967278,252
4294967278,353
4294967278,352
4294967278,251
4294967278,249
4294967294,258
4294967294,212
4294967294,176
4294967294,209
4294967294,262
4294967278,250
4294967278,248
4294967278,351
7,3
4294967278,247
4294967278,350
4294967278,245
4294967278,246
4294967278,243
4294967278,244
6,3
4294967278,241
4294967278,242
4294967278,239
4294967278,240
4294967278,238
4294967278,327
4294967278,237
4294967278,326
4294967278,235
4294967278,236
4294967294,471
4294967278,233
4294967278,234
4294967278,231
4294967278,232
5,3
4294967278,229
4294967278,230
4294967294,406
4294967294,168
4294967294,466
4294967294,119
4294967294,461
4294967278,227
4294967278,228
4294967278,226
4294967279,408
4294967279,260
4294967279,0
4294967278,224
4294967278,222
4294967278,219
4294967294,205
4294967294,193
4294967294,220
4294967294,211
4294967278,217
4294967278,218
4294967278,215
4294967278,328
3,4
4294967278,213
20,5
4294967278,212
20,4
20,3
20,2
20,1
4294967278,211
4294967278,207
4294967278,323
4294967278,206
4294967278,322
4294967278,205
4294967278,321
4294967294,511
4294967278,204
4294967278,320
4294967278,203
4294967278,319
4294967278,202
4294967278,201
4294967278,317
4294967294,396
4294967294,167
4294967294,250
4294967294,216
4294967294,457
4294967294,112
4294967294,110
4294967294,414
4294967294,510
4294967278,200
4294967278,316
4294967278,199
4294967278,315
4294967294,509
4294967278,198
4294967278,314
4294967278,197
4294967278,313
4294967294,508
4294967294,222
4294967294,252
4294967278,196
4294967278,312
4294967278,194
4294967278,195
4294967278,311
2,12
2,0
4294967278,310
2,1
2,2
4294967294,507
4294967278,193
4294967294,120
4294967278,309
2,3
4294967294,12
4294967279,50
4294967279,49
4294967279,46
4294967279,45
4294967279,43
4294967279,42
4294967279,40
4294967279,39
4294967279,38
4294967279,37
4294967279,36
4294967279,35
4294967279,32
4294967279,31
4294967279,30
4294967279,29
4294967279,26
4294967279,25
4294967279,24
4294967279,23
4294967279,21
4294967279,18
4294967279,16
4294967279,13
4294967279,12
4294967279,10
4294967294,18
4294967278,192
4294967278,308
4294967278,191
4294967278,307
4294967278,190
4294967278,349
4294967278,348
